120 100 100 90
57 73 35 92 1 60 88 52 96 98 17 67 32 53 71 79 26 8 58 33 34 59 24 4 18 93 97 2 66 78 48 34 7 35 2 42 85 91 29 66 93 58 85 1 57 29 89 73 1 71 27 46 34 23 94 88 48 72 98 89 77 34 71 68 17 61 50 7 65 77 67 83 86 15 54 1 31 50 33 10 42 70 57 63 70 76 58 47 32 78 100 76 59 98 40 18 41 45 15 84 
64 58 36 40 16 80 10 50 16 55 84 74 62 13 84 13 12 77 81 45 26 21 7 89 35 34 50 84 85 93 39 80 46 32 28 50 20 14 33 46 71 55 21 89 47 73 34 35 99 96 78 60 14 19 6 35 51 77 56 52 44 86 43 36 8 77 14 21 96 47 18 22 42 40 46 15 3 74 56 59 71 85 49 77 45 99 68 92 2 93 42 88 21 80 96 89 90 36 99 37 
20 8 22 82 3 68 46 68 23 68 81 31 64 54 92 31 82 80 10 84 6 55 38 9 62 21 20 16 42 31 46 30 89 26 45 35 28 37 17 58 62 85 63 78 50 23 99 35 7 99 41 32 55 36 38 23 31 71 42 87 43 46 64 47 19 58 74 37 9 1 57 11 71 23 74 87 84 98 17 55 89 35 97 98 75 68 51 20 56 25 87 40 6 73 40 74 51 66 5 77 
8 34 42 100 12 89 62 55 89 5 78 66 3 32 75 77 31 15 19 15 13 99 34 37 17 49 26 96 39 4 44 13 33 50 83 34 77 83 48 71 65 48 65 36 74 70 83 54 1 17 31 46 20 78 95 34 24 66 70 92 65 21 100 47 60 42 78 14 44 99 36 6 2 62 73 64 56 27 94 57 46 33 35 54 99 28 31 39 60 89 19 17 81 32 16 11 85 78 41 36 
94 29 86 47 33 31 77 7 47 31 75 32 2 47 22 43 34 54 100 72 13 89 8 54 35 29 54 82 1 81 30 100 37 31 18 69 11 91 65 60 98 64 71 6 85 97 3 3 84 2 51 55 21 76 82 5 52 95 75 91 56 27 90 43 10 95 20 34 82 94 66 95 59 37 72 69 88 46 58 34 17 9 44 14 35 91 58 51 93 67 60 32 91 50 79 68 63 25 12 77 
19 15 30 2 82 61 2 86 49 12 15 21 88 16 44 71 8 65 39 59 4 27 33 30 62 2 28 60 57 77 99 66 51 25 27 62 67 55 47 59 56 28 22 47 42 48 80 88 53 73 90 38 19 52 60 38 94 5 10 88 66 17 10 57 62 12 12 5 45 74 98 83 53 43 100 100 67 92 83 52 16 13 61 75 15 75 46 38 88 97 36 6 94 9 76 69 37 16 75 52 
57 71 72 2 34 56 26 9 23 11 16 95 67 1 1 100 92 84 7 22 17 6 15 31 16 42 60 31 14 69 66 28 82 61 50 21 18 66 4 24 28 17 100 18 6 50 14 88 54 22 88 21 2 20 10 67 6 59 54 44 74 25 89 66 95 24 21 82 59 42 35 17 32 6 29 4 30 92 100 69 14 20 27 93 8 74 6 31 8 9 3 32 84 23 18 58 91 41 13 52 
20 36 43 55 1 46 39 39 77 1 26 80 57 89 92 25 68 93 30 19 1 97 16 14 29 74 94 89 96 14 83 15 99 53 18 62 41 62 42 83 65 66 1 50 72 40 19 3 61 95 41 88 1 18 87 48 95 15 92 65 24 76 62 90 63 31 82 18 22 56 10 50 19 2 87 87 57 40 26 48 68 76 88 25 33 82 5 9 33 99 10 99 35 49 12 88 56 58 62 46 
43 85 51 29 28 51 27 62 4 96 96 14 80 38 61 84 29 53 85 100 63 75 56 78 3 76 42 57 91 31 27 70 39 24 38 60 3 53 18 39 13 48 42 91 85 39 27 81 78 76 83 42 52 36 51 71 98 89 39 70 20 74 63 25 90 20 57 61 45 29 55 28 65 75 59 11 16 83 9 43 28 15 41 84 67 73 64 25 28 16 63 23 10 75 4 26 48 35 79 21 
72 22 13 58 39 51 2 16 50 25 75 99 37 1 1 26 59 92 94 86 85 100 87 74 4 13 93 99 99 51 34 49 91 43 10 16 48 94 59 27 61 61 13 7 46 29 68 34 31 43 42 73 23 68 100 68 23 9 98 71 62 86 71 5 1 55 83 50 69 70 84 20 23 64 66 97 52 10 57 71 75 34 37 38 89 65 78 19 42 49 83 62 76 71 21 64 38 78 27 38 
38 12 22 82 62 27 47 68 88 32 29 10 20 19 65 65 61 34 84 82 35 99 92 45 12 24 90 88 83 35 30 71 42 86 99 26 8 2 90 58 64 23 54 14 33 67 19 90 80 80 52 82 87 75 83 88 24 97 60 18 24 20 45 34 19 51 8 68 55 1 26 84 76 12 5 36 52 97 58 20 28 59 11 59 34 9 96 78 50 28 47 24 10 50 53 41 89 8 72 44 
44 25 40 37 52 89 33 96 10 12 79 66 85 71 44 81 39 72 62 19 69 5 43 26 48 38 49 97 20 90 48 76 40 99 47 78 56 60 18 97 69 73 22 36 38 67 93 64 51 99 67 4 44 90 75 56 48 13 64 11 4 49 81 82 51 96 100 46 31 58 85 42 60 96 59 97 71 52 77 65 74 67 60 32 81 96 88 36 63 14 56 15 89 95 65 1 100 12 69 14 
93 47 62 97 27 65 69 34 85 11 40 7 16 68 89 28 7 30 94 14 60 95 61 8 56 62 19 12 68 56 49 95 90 15 1 85 73 37 72 18 32 87 96 78 99 29 71 47 88 22 97 35 27 64 19 19 39 27 24 32 95 11 66 91 55 44 58 37 35 7 49 33 76 60 28 20 70 97 54 82 31 14 27 87 66 3 1 8 22 61 20 6 52 25 42 6 62 9 69 60 
66 45 94 88 54 21 47 66 24 36 16 98 24 8 30 70 44 49 78 84 90 67 67 83 33 89 2 16 15 65 44 90 1 66 46 43 37 52 40 64 55 99 23 60 13 46 31 33 73 59 40 58 79 87 17 51 18 60 77 90 4 66 63 32 10 39 78 42 52 31 38 6 59 70 97 83 92 34 44 54 62 71 12 48 14 91 61 17 56 46 95 17 82 26 95 10 3 45 88 5 
38 19 70 39 24 78 56 27 27 96 70 86 74 47 38 7 86 82 79 26 3 35 53 50 86 62 96 39 45 99 35 8 27 26 2 1 56 48 23 18 92 3 48 89 89 23 19 41 3 72 85 2 39 30 41 11 5 89 8 96 29 10 99 39 73 65 56 75 84 18 11 47 23 81 26 8 18 77 94 25 30 43 74 43 43 22 12 25 42 62 31 79 46 15 84 1 67 71 64 49 
65 30 78 19 54 99 49 30 15 47 52 65 80 51 61 28 70 91 42 40 28 27 95 12 66 93 71 6 44 100 19 59 11 88 61 54 97 61 100 65 8 10 61 41 3 27 25 69 59 62 27 21 26 4 55 7 39 59 37 84 87 40 19 37 60 63 82 87 16 94 72 10 56 70 17 99 88 77 33 92 68 47 100 84 22 67 90 93 88 88 9 78 98 90 8 2 53 70 99 23 
60 27 50 67 23 16 45 66 87 24 19 78 60 77 11 84 78 73 23 61 26 33 59 14 18 12 33 8 68 54 98 34 33 43 74 53 65 40 51 2 35 39 94 91 67 97 42 42 51 38 31 39 12 83 26 76 85 2 6 90 63 61 10 27 4 25 52 77 53 76 82 92 52 38 97 80 10 8 38 65 56 84 95 45 79 43 55 19 72 5 71 50 59 94 89 91 25 1 83 7 
15 90 21 42 77 19 37 44 59 90 74 74 3 36 83 56 84 55 43 21 82 31 73 42 12 76 30 93 47 62 51 14 59 84 22 59 63 30 10 29 26 47 89 54 89 4 59 37 24 39 100 34 67 28 1 17 78 12 9 90 93 10 56 31 12 44 93 35 56 12 98 57 79 86 84 32 12 38 99 31 15 44 59 57 51 20 24 40 58 25 40 79 95 60 49 31 32 98 22 65 
21 39 19 56 55 30 88 17 48 28 71 4 5 44 94 85 15 40 70 4 3 24 8 59 100 94 22 29 98 97 82 10 18 4 75 39 11 100 53 59 12 72 51 19 24 68 73 9 35 95 59 48 10 22 31 91 9 100 81 18 50 20 37 40 59 76 99 6 20 58 17 60 44 17 29 98 66 34 34 48 10 30 92 99 87 68 62 73 54 77 1 64 2 20 53 82 2 39 67 93 
39 57 26 15 31 77 29 37 79 69 47 54 21 32 18 32 22 79 55 58 90 51 70 22 74 19 82 53 77 60 26 70 2 22 70 74 15 93 96 57 62 61 93 13 72 50 52 68 73 76 4 15 47 38 12 94 34 85 26 74 45 86 84 31 39 86 32 56 6 92 66 75 21 31 6 29 67 14 79 98 52 68 13 71 51 16 56 12 11 48 21 80 83 35 28 1 37 23 88 98 
48 32 61 77 9 74 83 24 28 99 42 11 39 65 9 61 29 15 12 60 56 34 27 74 52 35 83 18 39 18 26 87 85 78 17 28 4 27 81 87 85 28 43 4 18 98 91 3 78 83 61 47 78 74 75 45 66 47 4 29 26 93 28 39 57 80 60 56 96 18 72 41 24 54 44 30 42 29 83 53 15 71 7 69 92 97 27 94 59 36 15 82 34 35 74 42 32 83 98 33 
12 64 62 72 89 52 57 56 36 20 79 27 85 78 80 3 83 98 12 7 59 19 71 39 92 85 36 13 37 12 66 65 26 22 86 84 37 15 65 23 86 2 24 84 59 62 64 89 95 38 91 48 19 48 34 23 19 22 32 20 51 18 94 53 14 30 59 53 9 25 39 67 77 57 64 89 48 85 71 48 1 82 46 87 61 6 57 57 29 65 71 45 65 69 30 68 24 36 66 4 
56 18 44 6 78 1 77 44 16 20 79 11 41 48 25 88 20 45 76 24 33 18 70 52 28 16 64 58 4 53 87 5 26 89 41 28 58 99 28 48 71 67 53 26 64 46 13 48 21 18 29 36 97 56 97 33 10 64 33 2 18 52 91 7 26 16 19 64 94 3 58 25 72 24 77 94 91 95 12 32 54 74 17 10 91 97 68 78 62 36 54 59 74 14 92 27 60 10 44 81 
15 81 84 70 54 68 92 74 52 70 59 34 26 52 74 65 20 7 50 33 91 27 66 60 71 86 61 57 82 89 1 88 98 32 89 71 80 48 41 39 8 67 25 94 83 44 93 35 31 37 53 4 86 36 10 21 14 37 48 42 81 87 6 35 45 20 4 51 10 49 65 28 15 18 8 78 52 56 69 50 38 62 1 10 94 88 34 11 47 9 69 71 9 52 40 36 69 34 81 52 
5 39 18 12 85 75 81 32 93 64 94 85 91 51 26 50 20 79 65 81 26 55 94 46 68 43 28 85 12 39 8 22 72 85 97 12 84 33 31 66 67 56 75 2 2 9 53 23 89 36 92 82 61 54 90 93 86 73 47 99 98 23 32 17 67 28 22 59 45 5 94 27 23 44 18 48 63 25 50 35 28 71 93 3 44 87 64 9 46 25 26 29 71 17 28 85 47 24 32 97 
7 48 98 41 66 88 61 44 22 63 98 58 54 32 32 75 28 45 47 14 1 52 93 78 17 85 29 46 98 42 60 15 41 27 12 62 51 89 86 21 32 53 50 54 64 85 23 91 96 16 84 59 2 17 26 27 86 4 87 36 98 65 33 7 78 62 14 77 81 26 56 38 79 9 58 42 31 3 47 20 74 3 24 67 10 25 70 91 77 94 58 43 61 23 91 86 65 22 30 25 
59 58 45 89 57 2 38 40 43 80 53 97 54 83 77 22 20 82 37 1 59 65 3 15 8 12 76 78 58 24 53 37 91 17 67 25 64 74 48 2 89 80 98 21 32 90 28 44 64 76 21 47 97 77 54 21 82 100 40 48 86 57 37 87 77 56 40 16 7 50 73 97 86 41 59 50 67 71 10 60 24 81 81 15 20 56 23 11 60 80 89 69 5 8 69 63 70 68 55 2 
76 57 40 53 87 9 87 36 38 44 87 7 11 7 6 30 16 75 71 80 73 24 88 31 1 59 9 9 1 6 54 75 4 84 55 90 85 61 7 56 60 6 2 43 15 20 45 36 32 43 72 17 98 73 50 64 16 42 100 64 80 44 59 83 58 82 97 23 99 37 54 57 61 47 73 78 28 10 55 79 52 12 62 15 47 50 8 32 36 81 74 99 19 62 52 65 90 89 18 99 
37 14 34 31 61 96 10 62 42 20 40 70 2 97 100 29 2 46 74 82 57 31 42 88 34 57 69 95 33 51 23 40 73 36 48 65 79 53 80 59 76 12 38 57 51 64 74 68 23 55 47 59 50 96 30 30 16 13 16 16 6 10 81 33 29 83 51 10 1 36 20 48 73 80 14 61 3 8 65 95 59 49 5 33 51 48 34 86 1 92 53 83 62 86 8 62 61 99 25 90 
11 15 10 93 39 16 2 40 50 26 10 83 40 2 40 67 45 97 63 89 85 7 89 59 88 77 60 31 56 57 15 83 63 2 19 13 31 26 83 93 61 17 99 98 85 40 40 51 45 33 85 6 2 89 53 13 1 45 77 95 62 77 7 18 39 34 36 17 20 33 74 67 73 30 27 54 78 81 96 62 33 77 65 55 9 37 3 85 60 38 8 55 49 42 73 77 74 48 47 10 
84 5 62 56 42 71 50 17 49 6 37 80 39 45 76 62 71 83 66 36 30 24 61 39 33 76 100 8 3 6 75 73 66 3 72 33 64 35 84 92 53 97 39 24 64 49 8 96 10 27 93 20 23 10 10 4 51 47 64 98 77 88 64 23 35 82 3 25 43 1 27 68 8 39 4 33 48 72 71 3 26 20 54 12 23 15 21 7 17 12 20 39 71 64 48 66 46 96 92 42 
40 28 14 54 47 96 70 89 51 34 56 78 85 80 64 50 32 9 21 90 63 49 13 35 38 41 26 49 66 28 19 73 96 95 72 56 15 40 33 37 22 47 34 66 26 95 78 79 86 94 46 44 70 78 22 69 3 49 19 17 3 3 87 14 49 48 44 21 48 29 90 72 98 95 94 15 63 89 27 36 12 45 63 34 29 64 32 91 3 89 73 80 3 93 41 33 91 86 99 90 
18 44 32 15 39 58 44 4 91 9 16 17 8 97 67 91 84 53 68 36 33 59 33 80 43 83 77 95 83 37 99 77 38 28 23 93 46 51 82 38 77 42 44 52 17 63 100 59 92 8 35 15 18 95 43 4 70 35 90 64 4 27 6 75 95 92 89 99 72 19 18 33 76 56 9 86 92 2 38 2 58 94 16 66 98 62 55 67 97 60 18 84 100 98 71 13 95 86 28 57 
45 74 97 37 26 16 43 96 7 8 100 40 48 52 54 78 31 77 67 95 68 80 77 32 82 56 71 83 28 82 57 9 88 53 8 86 27 48 6 10 58 8 66 3 23 37 35 34 83 5 60 15 26 63 19 42 81 19 51 81 70 94 63 76 67 65 22 42 81 4 90 84 38 16 69 76 70 44 10 37 85 49 16 68 93 45 38 16 65 26 3 1 47 47 90 57 26 23 15 63 
30 10 3 76 16 88 83 100 50 85 60 30 77 29 76 19 44 41 33 6 6 22 11 25 36 41 99 88 14 37 92 6 80 6 4 42 20 58 58 28 58 33 61 21 21 95 18 49 80 25 16 11 65 83 66 58 76 19 9 48 76 21 10 25 71 36 65 3 88 24 78 36 13 97 86 22 59 54 96 67 36 88 82 94 29 82 70 91 52 75 7 97 54 15 32 5 40 89 57 96 
99 20 24 8 64 77 52 64 84 95 82 23 41 54 62 36 42 29 98 50 2 89 15 61 44 69 45 44 14 12 69 12 93 53 84 25 36 99 84 31 44 84 65 80 87 29 43 16 94 54 70 32 27 94 4 10 74 67 88 90 12 42 81 82 21 41 52 8 10 64 45 48 61 8 7 41 50 54 36 37 35 2 47 38 96 78 96 78 66 60 46 8 78 88 83 59 89 16 68 98 
42 90 98 85 69 19 48 100 32 75 48 54 18 2 82 22 79 60 42 9 62 3 75 31 61 71 51 37 83 86 60 75 52 86 69 5 71 11 92 85 10 29 67 80 76 16 49 48 61 51 69 79 18 93 94 44 75 84 33 73 68 100 40 19 86 61 28 86 68 81 46 77 71 41 81 57 52 4 89 4 27 10 30 70 52 86 50 61 28 90 41 79 21 85 69 8 42 44 91 95 
95 96 85 75 63 100 90 56 100 100 72 64 34 2 52 94 91 5 30 15 2 7 24 23 18 74 26 28 24 24 3 25 27 93 35 8 65 39 61 25 18 81 1 88 93 88 32 23 49 91 91 75 60 26 81 17 89 95 99 97 55 43 53 17 20 94 72 64 13 81 61 48 83 43 23 29 12 73 69 20 51 5 97 78 45 93 77 41 56 80 71 81 61 20 47 22 23 68 11 54 
11 63 32 8 16 36 46 48 28 59 33 93 68 68 30 9 10 98 9 52 50 74 54 59 96 76 42 71 27 22 69 40 32 51 74 87 61 23 71 84 87 13 95 23 1 5 65 53 48 6 16 30 22 42 20 45 59 76 81 72 51 76 10 1 26 41 13 24 96 71 30 85 27 50 65 64 58 1 35 40 1 71 28 89 69 37 97 50 55 59 65 55 71 51 93 85 27 93 24 51 
7 72 40 87 23 85 98 67 17 67 26 91 36 94 63 63 87 70 8 1 34 45 22 25 20 36 71 87 11 58 59 91 53 11 19 61 91 43 97 24 98 57 29 99 22 1 82 93 40 10 39 23 91 16 21 27 70 41 76 4 50 27 58 83 57 26 20 87 62 61 17 16 7 22 72 92 72 78 36 40 52 15 39 60 97 21 52 52 68 16 24 95 45 56 23 94 10 37 37 57 
72 5 53 64 71 16 29 53 11 72 71 13 51 25 60 64 70 2 20 16 83 32 85 67 52 87 33 26 100 35 83 84 48 18 65 72 81 34 96 57 1 1 12 32 89 87 32 79 40 53 60 55 45 30 20 75 22 49 16 29 46 84 88 90 59 15 68 72 8 44 9 2 99 74 94 46 55 1 100 57 61 64 51 28 58 60 40 93 31 40 1 52 36 16 52 1 59 64 3 74 
18 31 55 24 32 94 76 53 33 94 28 32 51 91 79 68 82 25 88 88 6 55 89 42 92 84 81 34 41 97 54 61 73 31 31 5 78 48 14 73 2 30 14 86 54 86 20 72 37 74 30 42 6 89 79 43 3 49 75 20 75 26 25 80 3 78 91 8 32 3 13 35 79 11 54 42 46 41 100 35 8 2 33 34 42 88 71 38 27 88 35 42 86 33 94 44 13 12 41 73 
18 79 67 39 23 73 10 11 65 33 26 17 7 77 43 95 47 98 83 38 48 69 44 56 2 25 81 16 96 51 32 97 94 91 66 56 22 6 57 27 32 91 71 85 39 60 24 71 56 69 30 49 64 78 10 60 4 40 50 11 65 43 15 41 23 69 96 88 49 28 68 85 18 40 24 56 30 3 37 50 17 100 45 93 74 80 1 62 50 46 10 82 39 7 89 67 13 55 82 41 
6 77 69 75 83 34 79 40 64 100 43 63 78 74 74 98 59 30 37 96 33 76 70 74 11 31 11 13 41 26 71 23 88 42 21 19 8 76 57 57 87 17 56 65 97 36 70 54 42 33 31 47 6 61 26 61 5 10 2 32 30 21 74 64 56 99 98 72 65 1 98 54 83 25 76 36 31 68 77 37 22 8 22 32 45 73 46 38 38 4 80 97 41 69 59 81 88 9 15 56 
78 12 76 60 23 8 77 5 97 64 7 19 22 87 6 99 58 90 60 71 36 38 100 20 41 64 30 23 20 59 55 92 17 66 27 19 58 3 100 62 54 8 66 56 10 77 83 7 56 93 5 10 52 93 76 96 74 69 84 72 12 89 55 37 49 29 50 76 8 94 94 56 55 58 86 78 19 20 9 94 46 66 6 74 81 59 32 50 63 60 85 51 89 51 89 36 97 72 91 100 
86 32 51 56 62 1 89 83 75 34 90 19 73 89 26 53 40 16 68 64 62 95 71 51 9 6 91 73 53 97 46 97 36 27 51 11 36 27 35 10 84 45 27 55 57 55 75 14 5 97 55 34 97 39 10 45 52 52 56 29 20 70 88 28 9 16 40 79 70 99 76 89 58 46 95 19 47 71 65 87 80 96 45 10 18 95 31 49 90 32 65 54 94 88 33 81 66 88 96 89 
71 24 83 2 79 52 50 89 46 44 69 81 23 20 45 55 13 63 15 87 13 15 67 43 18 2 3 3 42 46 90 21 83 45 23 59 1 26 13 7 96 53 67 80 68 17 85 98 68 52 35 80 67 18 63 14 13 90 78 25 45 69 4 82 20 93 9 37 55 28 28 81 21 44 70 31 74 40 25 14 6 38 66 85 95 49 21 92 20 36 85 58 90 89 70 64 84 46 20 88 
39 16 20 71 98 80 22 58 51 99 87 57 67 1 5 8 45 88 24 95 15 90 57 71 54 9 98 95 42 31 16 2 91 67 20 17 31 4 41 58 8 92 44 14 47 98 89 47 37 35 35 79 42 100 43 80 87 3 36 19 60 5 89 68 20 55 55 47 15 16 89 89 30 86 79 48 92 17 84 35 76 46 54 87 20 3 74 8 35 27 65 74 83 55 16 6 61 64 87 4 
18 98 34 77 20 92 87 2 75 69 4 16 14 29 85 90 14 47 50 11 1 23 42 66 41 25 44 81 45 74 58 60 92 6 8 91 80 12 75 61 9 20 84 37 67 55 61 7 28 90 7 9 48 37 59 60 88 78 51 26 21 20 21 92 36 8 66 25 17 94 33 63 89 51 38 64 33 39 49 69 6 44 75 69 5 9 49 70 49 43 99 48 87 71 4 95 27 76 63 72 
87 91 21 47 58 23 75 90 87 71 36 59 49 58 24 3 75 33 79 41 6 20 8 87 10 72 29 41 27 83 44 89 82 20 100 90 71 70 72 42 70 92 2 4 80 62 43 74 26 36 41 100 88 79 38 95 63 58 32 16 46 57 39 17 85 63 44 97 33 23 20 6 58 88 1 60 4 15 3 63 58 76 85 9 76 53 13 97 10 90 17 12 35 38 73 48 10 95 26 61 
79 38 36 86 100 45 58 45 95 90 21 81 82 91 92 73 78 40 7 22 84 63 16 89 28 13 78 93 25 36 87 20 25 100 66 50 96 30 78 91 88 15 54 91 1 10 61 52 30 51 56 67 50 91 9 80 8 82 51 91 20 82 42 58 16 58 24 54 37 2 6 90 17 99 94 22 35 98 94 62 6 33 63 85 83 24 95 94 24 69 58 88 74 17 53 52 26 100 28 82 
18 25 3 79 86 78 50 31 57 37 56 39 11 97 31 87 24 30 9 6 6 5 53 24 21 80 82 51 29 64 70 54 58 77 76 50 28 100 29 15 77 95 44 31 67 83 17 14 27 40 63 8 87 3 80 55 39 76 13 25 62 11 3 80 43 65 54 82 79 100 58 79 73 37 60 54 54 9 92 38 11 95 55 49 43 75 14 31 91 98 20 71 17 8 33 78 31 50 76 6 
25 53 19 55 95 43 29 49 35 36 49 44 53 98 50 42 80 48 37 32 16 59 43 12 25 78 37 95 26 39 21 55 96 16 35 40 40 88 55 78 42 2 46 80 42 3 94 47 58 39 53 13 79 59 4 58 85 70 79 70 54 50 51 79 20 77 94 96 33 12 66 42 100 72 46 9 91 72 75 76 36 54 10 26 89 51 62 69 13 54 74 9 52 88 9 86 90 19 54 98 
22 53 82 30 29 36 68 17 52 61 5 82 16 48 50 23 16 100 58 24 82 18 81 95 62 99 22 92 58 71 74 94 30 20 80 8 10 62 82 48 99 57 75 5 98 97 18 4 26 89 67 14 16 75 24 84 62 50 55 100 86 83 6 81 21 19 12 73 98 56 23 1 46 75 80 40 1 63 31 41 1 62 25 49 44 65 24 77 96 25 97 77 56 6 80 7 74 14 6 56 
65 22 9 34 72 41 86 66 42 44 39 3 96 97 66 20 62 47 97 28 23 89 19 85 61 46 10 85 75 67 48 64 17 39 49 34 74 91 97 36 16 28 76 86 96 34 80 3 41 68 70 98 56 4 18 95 48 70 8 68 40 20 69 6 40 90 49 92 31 40 18 22 67 60 6 75 46 66 2 40 19 68 19 67 19 56 54 65 67 68 38 75 33 31 30 86 71 55 17 85 
71 58 97 8 39 3 55 94 21 26 64 7 14 44 94 67 77 48 85 2 50 48 20 5 75 86 64 87 36 90 4 91 4 11 48 64 95 24 45 22 12 60 62 4 75 30 10 48 3 9 47 96 14 48 65 57 81 33 47 68 31 83 41 9 97 96 44 25 41 49 22 44 53 72 52 71 11 62 10 80 30 26 30 95 92 10 17 83 74 73 42 3 89 19 10 46 87 98 44 55 
68 75 3 56 26 58 100 88 70 65 93 38 97 71 94 98 76 92 10 62 10 54 96 29 90 44 50 97 67 75 79 3 14 2 82 16 61 78 5 52 99 99 84 91 74 27 26 32 12 63 15 1 26 58 35 55 20 74 20 9 39 1 65 2 62 66 61 49 63 86 94 68 98 85 46 47 3 78 75 9 33 92 61 45 41 14 86 83 66 37 17 23 100 46 30 30 4 77 65 39 
97 11 67 63 14 55 90 33 57 42 41 33 31 63 30 49 52 19 37 70 75 66 81 98 7 76 93 40 55 52 33 7 98 4 54 66 9 97 79 65 22 55 65 27 96 21 73 15 59 10 6 8 46 84 47 87 44 10 45 93 39 84 81 35 18 73 26 47 77 39 93 57 97 23 5 88 76 64 33 99 84 80 88 99 88 44 48 73 40 17 98 58 66 4 89 1 54 48 96 81 
50 88 78 33 47 67 57 53 70 7 47 6 18 22 46 54 21 76 29 46 91 2 9 11 15 69 34 36 23 69 43 68 54 99 41 67 22 26 26 30 37 79 12 21 31 7 19 17 99 94 75 83 42 71 51 60 10 5 52 89 1 35 30 58 49 24 21 70 66 71 96 89 78 4 26 42 84 6 32 90 27 91 67 73 83 18 68 9 41 84 58 79 50 90 68 51 15 7 19 57 
42 23 59 16 87 73 76 34 64 88 45 4 55 29 88 87 57 44 98 63 95 1 25 10 54 41 23 5 63 12 89 14 62 58 76 90 51 80 33 78 26 66 1 40 49 89 20 48 94 8 6 18 73 6 100 7 84 24 97 95 25 23 35 43 37 24 31 23 9 15 25 87 29 56 32 2 36 72 56 30 80 62 97 78 65 41 12 41 25 83 41 91 90 26 27 61 53 41 79 77 
92 26 2 11 67 27 24 2 33 40 70 4 74 89 83 85 15 9 26 25 41 30 56 63 97 3 50 37 51 79 67 82 41 57 6 26 85 46 27 12 96 96 54 87 92 74 4 68 44 96 49 27 3 90 3 74 99 91 99 91 17 65 19 85 17 16 92 63 19 26 2 70 96 17 44 60 62 22 12 34 76 92 98 62 38 1 29 87 56 52 37 75 99 3 7 67 33 12 77 63 
44 23 79 26 56 49 94 3 16 72 75 44 69 85 81 92 43 80 49 27 21 26 55 5 84 55 55 39 77 59 55 48 58 7 5 53 100 54 91 13 11 95 80 42 89 74 81 64 11 24 28 38 28 40 94 85 8 11 39 46 7 58 23 89 33 27 86 91 52 9 60 79 46 85 96 58 23 34 17 72 41 53 17 95 24 8 6 49 75 49 23 24 58 42 86 22 73 58 82 90 
8 64 83 29 96 78 38 96 76 6 60 92 20 31 16 1 72 87 66 59 41 7 97 59 63 18 58 16 37 56 94 34 93 7 99 31 64 51 31 88 6 93 16 100 100 77 64 51 80 81 88 12 45 99 83 12 9 34 95 31 84 40 62 30 93 78 10 24 20 8 15 16 88 28 23 33 14 77 25 97 95 29 51 92 46 71 85 28 6 5 75 62 43 82 27 88 37 99 10 39 
39 6 41 68 63 5 48 64 56 12 49 91 5 32 35 95 60 8 82 60 8 59 99 80 53 13 2 26 15 22 26 75 25 35 44 66 32 54 88 48 62 35 69 13 15 98 98 16 5 7 25 63 9 60 22 55 25 41 86 21 32 54 31 52 69 81 53 31 18 56 60 27 92 94 16 92 44 63 60 23 46 77 60 76 91 54 52 87 5 39 82 22 43 44 54 3 70 43 23 20 
9 10 24 57 36 39 48 23 75 31 26 20 81 65 66 10 70 11 83 60 74 11 30 56 1 65 93 46 99 67 30 93 1 63 40 75 37 100 64 76 12 1 97 65 13 53 86 44 52 62 84 76 16 92 92 43 51 82 23 81 59 34 85 62 12 4 63 93 86 51 19 22 53 81 2 18 94 58 82 73 100 31 37 70 69 64 3 25 24 65 44 32 82 76 12 80 45 27 65 97 
23 45 69 78 11 2 4 22 61 39 99 9 74 70 92 90 86 58 96 38 13 20 65 76 14 47 30 6 89 57 30 29 66 55 70 62 90 18 86 36 33 41 5 87 72 51 29 88 99 38 88 9 8 88 91 56 96 50 59 70 52 16 34 43 6 43 58 57 70 81 68 94 42 48 53 67 55 47 95 73 65 19 27 53 69 82 89 12 14 83 56 21 90 30 23 74 59 52 6 5 
36 91 19 57 89 12 82 26 97 96 76 95 4 79 82 89 53 71 75 52 100 39 42 79 35 24 49 19 32 20 49 83 81 51 62 17 25 3 74 88 18 100 72 81 6 93 88 91 91 49 28 45 63 35 84 88 78 1 16 85 36 44 8 42 68 59 20 76 39 40 45 50 61 98 10 94 77 15 73 88 69 82 36 93 97 66 71 88 15 37 60 55 22 65 6 99 64 4 25 19 
43 75 69 22 86 83 63 87 73 57 18 68 98 43 30 26 93 87 71 86 50 88 71 79 74 23 19 82 78 2 40 88 82 21 100 30 31 13 33 3 21 6 76 30 32 77 15 73 66 100 85 34 2 79 64 88 15 58 75 76 19 95 78 89 49 84 52 62 16 34 77 37 85 28 73 12 91 3 71 64 11 89 22 23 63 27 20 48 81 93 4 11 84 33 28 93 65 87 68 31 
19 88 81 93 74 42 61 20 24 90 24 22 61 78 97 90 74 71 27 34 24 84 4 77 10 31 86 32 73 23 56 8 13 64 19 91 53 27 66 24 30 83 80 42 58 23 65 94 94 25 43 54 71 34 36 89 83 57 43 81 71 23 60 14 76 13 36 29 53 51 40 63 62 76 70 40 37 81 20 21 41 53 76 81 63 10 49 12 34 51 85 64 1 56 84 28 87 34 14 99 
55 92 32 3 38 66 84 67 8 60 36 12 93 77 36 15 16 22 72 61 18 99 12 7 96 72 61 80 71 32 69 75 12 60 82 62 53 29 22 7 92 78 70 19 68 21 72 22 22 85 39 51 31 45 68 84 28 98 12 67 24 35 75 72 70 69 9 64 34 35 20 94 95 42 22 34 30 61 13 68 21 12 56 86 64 77 33 46 89 72 40 11 61 61 63 9 38 15 71 90 
96 89 32 87 86 38 73 27 3 35 40 95 42 41 62 67 67 91 55 51 45 86 56 5 85 72 100 75 38 68 23 21 98 47 74 20 19 90 33 21 62 42 79 61 1 1 67 2 2 88 87 98 20 4 86 91 99 89 24 82 81 42 75 22 20 18 28 34 46 8 53 88 76 85 22 45 8 50 61 37 67 11 86 81 75 37 46 30 45 45 70 84 91 70 72 2 17 39 14 84 
63 31 78 31 42 72 18 96 60 52 10 98 94 56 1 34 6 89 75 55 16 72 26 96 6 58 72 53 46 61 42 23 85 80 32 30 74 76 49 42 28 92 63 58 41 14 85 71 56 34 74 76 75 33 36 67 49 19 8 51 18 77 32 60 60 96 52 49 48 59 29 96 82 9 60 38 1 20 82 83 38 2 87 72 57 16 50 92 52 15 7 72 91 14 44 7 19 47 41 34 
37 45 63 9 23 4 2 25 83 58 15 57 73 84 25 48 63 45 94 30 49 49 72 84 2 95 91 32 48 74 4 46 22 68 4 13 57 83 63 29 37 81 43 92 80 15 54 24 91 2 19 91 94 55 86 83 7 57 76 5 45 2 53 9 19 11 81 17 99 31 15 89 79 25 24 95 33 8 24 24 50 18 51 34 5 63 60 18 50 51 89 89 29 64 68 33 10 51 85 88 
76 49 97 70 93 84 52 85 29 95 64 27 61 9 91 81 85 30 89 94 48 69 33 25 93 46 49 10 37 99 72 63 97 86 35 6 15 96 23 6 29 13 60 38 2 92 68 99 51 91 94 43 97 33 26 71 72 8 26 91 45 5 34 77 40 54 19 93 49 38 34 41 15 76 89 8 56 38 16 48 61 72 82 46 95 66 64 33 3 75 63 3 21 19 34 74 87 63 96 92 
72 97 64 17 3 81 97 11 70 63 8 66 64 19 43 79 69 69 66 6 10 76 91 64 58 43 61 51 40 99 87 12 22 62 35 22 6 68 90 70 10 87 1 23 75 2 51 86 91 28 46 68 42 63 80 76 29 37 37 2 9 76 83 88 96 52 36 65 22 53 1 19 92 100 80 4 46 68 50 58 42 46 29 50 63 10 80 32 50 75 27 21 12 77 82 11 73 70 78 45 
49 22 95 10 24 23 57 72 18 70 78 72 48 5 71 19 75 93 31 67 6 50 71 56 46 8 21 12 60 11 96 13 82 32 82 83 39 32 51 95 79 14 56 73 51 99 100 21 62 82 46 88 38 9 25 85 24 86 54 23 33 100 65 14 4 26 94 70 26 26 27 18 43 45 34 73 63 30 79 73 78 59 73 21 29 60 71 51 75 73 51 88 81 1 55 30 57 51 66 49 
34 66 15 11 74 44 31 66 10 56 73 28 74 61 42 12 48 4 41 14 78 99 76 24 3 39 35 1 66 39 98 61 44 18 22 31 45 58 33 70 59 70 97 64 37 57 77 85 91 13 79 14 5 3 12 34 87 100 41 39 76 42 58 95 31 68 53 33 43 33 45 48 97 38 66 77 23 15 95 62 77 31 18 56 3 5 34 29 40 66 79 72 14 27 89 73 19 77 91 30 
60 3 33 37 76 32 73 94 94 93 6 37 53 41 90 16 56 74 84 9 91 36 6 90 54 19 10 83 81 55 41 87 22 87 85 40 47 72 99 40 6 68 81 96 32 25 7 70 28 77 82 37 59 42 5 59 43 41 56 19 1 95 17 53 3 97 18 62 54 51 74 71 89 32 59 38 66 65 90 83 45 35 23 17 19 95 100 63 26 99 64 59 37 61 6 86 7 73 77 55 
6 18 40 10 43 66 57 63 38 59 87 30 80 56 20 29 5 32 67 21 46 5 58 58 5 76 24 6 20 39 36 7 14 91 39 42 36 2 34 47 4 30 38 73 92 46 58 24 19 29 35 46 11 96 8 48 95 46 52 32 31 72 45 45 25 50 66 32 10 55 85 41 100 99 57 45 3 42 60 46 76 57 48 42 32 11 6 88 88 53 72 17 87 59 7 79 29 56 42 23 
87 44 98 77 92 10 6 76 22 43 35 53 89 53 26 93 23 21 40 64 36 40 42 64 11 9 88 50 7 56 9 52 59 86 11 28 34 57 44 37 38 62 68 10 84 93 39 74 91 36 51 62 99 51 19 2 38 32 67 95 48 84 73 14 36 30 14 47 64 4 53 17 71 88 98 88 100 24 38 52 23 36 83 4 4 6 95 30 95 31 44 53 2 63 21 21 62 58 91 23 
49 88 13 100 94 21 83 36 31 89 55 53 30 88 94 10 29 82 75 42 1 75 79 76 31 76 49 72 4 98 29 15 63 41 42 94 28 62 97 98 83 5 44 23 47 89 83 78 81 98 35 15 39 93 19 31 57 83 86 39 86 4 4 50 59 77 51 14 25 1 2 34 52 76 46 11 55 30 54 22 81 41 46 78 76 53 10 4 100 7 51 49 73 67 72 12 61 31 80 22 
80 3 3 6 27 87 2 18 12 81 68 14 25 5 29 98 37 69 63 2 35 29 53 60 98 86 34 51 73 87 80 30 6 97 4 65 90 79 31 42 42 78 30 64 52 67 16 67 78 100 31 84 60 20 89 4 91 5 98 46 72 95 74 38 84 10 27 62 50 75 82 84 60 23 23 97 88 35 2 91 18 31 37 1 1 20 27 12 46 95 60 79 45 72 74 17 18 3 24 78 
87 26 1 63 64 5 42 81 8 39 99 9 21 100 27 92 57 31 37 92 96 79 20 93 31 50 37 100 59 55 52 4 30 15 95 26 91 37 82 2 43 61 48 6 20 87 85 25 53 74 80 16 87 60 7 14 20 57 84 63 54 42 79 66 7 62 66 34 63 8 5 29 34 7 2 27 55 59 23 76 35 12 94 98 83 84 13 20 23 28 31 21 93 96 2 50 37 74 29 98 
26 31 85 3 11 46 29 45 26 53 5 14 16 10 82 21 7 6 57 78 37 42 80 86 4 94 45 11 43 92 28 100 35 80 54 33 70 45 5 38 43 60 97 81 60 60 29 96 66 87 70 90 61 7 22 25 38 31 36 64 11 88 50 94 77 11 37 24 92 1 92 14 37 56 82 68 19 54 94 55 12 58 80 28 59 26 56 3 52 37 6 48 19 48 1 16 39 2 61 41 
2 40 47 95 20 60 33 51 12 98 100 83 24 57 92 54 12 89 27 51 46 99 39 60 66 12 56 39 3 26 5 64 29 11 48 25 67 53 42 8 69 68 16 51 21 12 94 73 73 18 16 34 72 61 61 2 99 100 92 10 5 70 90 97 30 47 26 61 48 6 53 51 19 62 49 63 7 63 67 76 25 89 87 71 93 79 46 77 53 26 42 75 84 8 37 86 56 82 46 28 
25 10 79 58 19 86 13 79 4 68 4 40 27 8 54 17 60 10 27 44 36 51 85 41 56 4 40 78 29 90 69 62 14 98 82 86 37 79 18 1 29 13 23 8 97 27 24 70 92 8 74 48 3 60 32 31 13 4 70 92 90 37 9 72 66 86 6 15 21 15 30 34 95 40 99 6 70 13 66 54 26 30 4 100 8 20 58 72 18 11 80 16 7 76 13 90 44 12 4 57 
41 88 21 94 58 38 75 39 86 29 27 64 80 80 73 72 88 62 84 39 45 87 66 100 37 69 100 9 58 24 80 39 40 35 37 21 76 84 3 42 86 1 35 38 6 6 57 25 73 64 67 82 62 91 89 84 12 50 38 90 8 20 61 7 37 16 56 4 79 47 75 82 50 70 78 47 88 90 88 23 30 35 29 97 5 94 51 36 19 97 48 51 22 45 12 66 82 64 14 24 
84 50 20 41 21 5 80 40 77 71 3 57 9 22 8 75 32 57 57 82 15 33 23 89 5 8 54 53 26 34 58 63 22 9 52 37 16 71 65 76 62 22 94 77 67 8 83 6 4 40 34 33 55 19 6 5 14 90 68 55 52 58 74 2 95 47 79 25 30 12 75 30 37 51 59 4 47 62 85 66 99 34 82 58 81 69 14 56 78 68 9 87 36 14 39 74 24 95 73 17 
43 97 93 99 85 69 69 95 37 61 64 54 60 27 85 18 46 22 17 20 67 2 74 67 81 53 31 40 13 3 49 27 81 87 95 43 79 80 75 14 79 43 55 39 11 37 65 38 55 82 73 71 42 8 90 36 13 57 86 90 40 11 88 60 35 26 89 54 6 75 62 59 87 24 20 86 25 61 97 50 48 97 80 28 78 27 9 75 98 12 40 82 23 91 12 79 60 66 25 57 
99 96 4 17 53 37 4 68 48 75 99 81 17 48 67 1 92 28 34 9 75 7 69 70 13 15 53 24 36 65 69 65 22 61 64 98 74 4 97 67 25 54 13 53 77 35 67 8 29 63 85 29 92 75 55 8 78 34 35 68 66 24 89 9 97 14 57 42 7 66 59 70 14 95 26 85 76 62 94 83 2 27 76 34 2 55 21 19 91 43 24 98 92 79 24 47 74 87 10 7 
84 32 44 1 7 42 62 53 65 81 22 21 3 36 76 79 66 92 31 78 46 56 4 93 71 80 69 97 94 20 67 40 12 11 40 44 57 64 64 1 88 58 57 24 52 92 66 66 31 27 66 90 23 89 41 27 23 91 68 7 43 83 5 7 56 91 96 70 64 99 55 48 77 16 26 64 46 56 62 36 91 94 78 36 20 82 47 46 8 73 39 17 54 71 45 50 21 32 39 89 
88 64 1 34 65 92 66 6 8 95 86 68 95 11 63 10 56 94 97 54 21 95 77 69 79 3 14 52 36 54 85 88 82 9 39 48 10 12 55 17 59 31 8 3 23 11 32 45 27 29 86 47 30 30 94 37 63 64 60 85 95 34 75 74 74 46 29 7 27 40 86 84 43 63 18 34 90 10 98 41 62 9 43 87 100 47 49 18 75 49 70 71 25 50 42 61 45 56 86 98 
45 33 38 29 20 20 99 8 22 45 66 4 54 12 50 87 6 33 45 27 88 16 19 62 45 87 79 35 38 61 49 16 2 62 79 87 71 19 93 37 18 100 40 53 50 43 98 68 37 8 14 49 69 95 49 90 46 50 99 9 78 20 34 16 25 16 65 61 79 7 43 20 21 1 34 47 61 16 41 83 75 76 59 36 97 8 58 46 39 24 93 32 32 45 2 36 63 3 26 43 
4 90 38 17 7 23 51 26 48 62 60 98 49 25 92 51 2 37 72 29 60 2 77 34 10 72 10 83 60 5 24 77 40 61 24 80 49 20 55 30 90 72 93 80 59 31 38 80 13 26 28 55 80 56 82 82 26 72 60 47 32 76 59 50 22 49 64 88 20 85 67 35 92 73 22 67 7 82 35 17 55 6 71 1 98 18 66 38 11 42 46 71 21 23 51 91 32 17 44 88 
9 62 87 65 61 82 97 25 93 99 19 57 63 66 21 49 1 54 72 79 64 37 80 32 20 25 12 98 92 58 67 51 53 30 15 77 42 97 82 8 50 54 64 93 29 75 38 12 62 2 59 22 75 23 83 97 79 29 76 14 19 92 22 78 55 99 94 81 90 43 70 59 50 13 14 77 29 12 20 71 41 35 74 54 86 69 98 10 93 62 13 16 16 64 34 69 65 29 71 75 
15 50 14 81 69 88 33 30 85 68 94 37 82 17 90 40 19 68 38 73 37 91 76 88 47 69 82 3 54 23 63 15 8 96 27 14 39 70 46 70 97 59 79 31 39 95 70 58 54 75 67 58 56 63 83 43 61 15 62 65 1 100 29 18 25 83 86 38 79 34 64 75 14 6 84 89 43 23 51 24 94 10 40 43 25 37 53 73 41 43 78 10 51 51 9 67 76 38 60 35 
8 28 46 94 45 83 78 77 53 19 23 82 2 21 45 33 95 88 14 78 20 17 59 19 76 40 9 18 50 19 51 21 60 2 53 54 77 53 10 100 69 88 21 4 49 82 99 77 87 14 15 22 23 50 81 91 5 70 81 52 14 20 13 2 17 20 14 99 31 35 99 56 16 21 55 67 60 36 41 98 88 65 98 44 6 42 86 30 86 91 75 83 17 37 15 23 71 52 11 78 
37 10 35 64 64 77 44 54 36 11 76 53 57 2 85 91 10 69 95 28 76 30 94 83 61 10 62 63 35 78 79 17 62 73 86 79 57 29 6 78 44 97 1 65 86 26 52 22 5 27 51 15 91 69 12 67 18 77 68 89 25 52 69 35 52 10 88 91 78 26 74 68 60 6 83 89 98 11 14 3 81 75 13 9 6 78 24 96 31 59 1 9 86 72 4 99 41 8 60 11 
81 55 29 69 36 66 3 43 50 85 18 4 100 59 54 86 61 53 81 62 15 18 26 93 3 64 21 43 62 14 30 11 44 19 95 20 82 58 91 41 53 90 52 60 40 63 42 90 44 97 97 54 52 51 27 14 17 31 53 93 13 73 81 85 99 35 49 94 27 17 38 1 97 14 99 45 49 54 99 91 27 27 83 90 57 81 8 74 30 97 72 9 94 85 6 79 98 65 66 16 
64 33 64 83 38 51 27 23 10 30 35 11 58 64 35 15 35 89 2 97 15 64 65 72 73 97 73 45 19 9 23 98 86 50 69 96 94 98 83 87 84 49 100 1 79 32 68 75 6 81 35 92 76 23 50 2 62 92 66 3 14 89 32 76 92 10 77 18 39 16 74 6 93 68 78 57 29 10 99 8 47 76 39 27 51 99 10 42 63 70 5 84 39 70 68 64 19 4 21 92 
97 100 59 94 36 81 90 34 67 51 2 68 32 84 20 85 90 44 54 85 19 99 27 64 75 39 24 89 80 61 2 98 77 1 94 70 29 8 50 71 45 68 33 36 9 74 19 57 48 46 55 70 98 40 83 4 61 67 74 43 74 1 13 54 52 85 34 100 59 4 5 53 56 43 25 2 81 23 50 74 5 96 78 26 2 68 78 27 17 13 9 5 43 78 21 62 27 18 46 27 
18 9 64 18 45 24 53 76 26 2 62 60 46 59 35 25 36 99 30 73 70 64 26 7 93 3 71 13 87 96 64 69 73 19 82 3 49 42 53 20 46 61 91 58 80 28 45 32 79 100 56 85 80 52 82 13 92 95 63 95 13 55 34 24 90 53 42 100 63 63 11 96 26 15 82 69 44 46 98 5 30 84 68 6 75 89 93 60 75 10 74 49 100 1 79 65 22 25 73 37 
80 71 54 52 100 12 42 78 6 75 29 88 66 38 66 76 32 73 50 13 12 7 67 23 15 2 82 13 82 98 92 2 47 99 37 48 53 29 32 4 1 11 41 82 74 40 43 48 40 17 91 21 55 58 85 6 57 15 35 3 32 61 28 88 70 30 26 82 74 79 77 83 65 79 27 46 73 74 86 35 72 33 41 87 52 68 40 62 6 14 80 44 53 63 25 72 94 79 88 5 
88 38 72 29 72 90 40 91 94 50 49 83 87 54 7 70 77 100 56 25 16 72 6 88 59 50 38 68 62 49 79 59 62 55 62 91 80 8 61 1 96 35 45 42 79 12 28 98 68 38 73 4 95 15 82 79 93 26 42 5 78 74 100 41 38 99 49 29 5 50 14 32 60 64 21 83 17 3 45 28 50 20 38 55 73 86 54 50 91 14 15 48 89 62 40 38 28 11 68 87 
89 37 60 53 69 52 18 31 34 21 47 77 6 14 20 18 46 3 87 95 70 18 7 64 37 35 44 36 91 5 89 4 51 14 63 74 13 93 50 32 58 89 97 67 21 89 48 21 7 11 6 21 53 86 85 43 81 31 23 10 29 71 89 20 61 43 50 37 53 36 97 44 89 82 39 100 41 34 99 64 13 69 47 16 62 95 58 24 46 12 6 20 88 24 79 7 35 30 84 79 
52 90 70 100 47 1 47 60 5 86 93 39 80 8 12 48 63 45 58 91 32 49 88 93 14 85 92 56 21 91 42 38 76 19 7 97 80 79 78 96 93 38 11 67 88 56 68 92 96 36 99 38 84 78 34 50 83 54 1 90 54 56 76 30 62 72 73 84 88 35 81 8 25 26 28 40 63 26 84 53 35 63 84 26 99 91 29 11 48 17 2 97 16 42 25 47 1 97 31 91 
19 65 50 46 40 48 94 48 45 78 77 47 98 98 13 84 30 39 70 76 97 57 93 98 44 68 48 30 82 94 60 32 100 3 54 36 77 19 81 59 7 85 59 93 31 81 99 40 8 39 73 95 39 85 33 99 90 30 82 49 6 24 26 16 7 71 6 61 55 85 67 31 2 6 94 89 8 61 95 4 47 48 63 75 44 93 12 23 11 50 55 59 27 84 60 75 6 19 15 77 
100 27 20 66 97 53 70 63 77 68 98 43 70 77 18 9 26 70 73 59 89 64 87 13 58 81 60 89 40 43 42 22 59 91 49 74 28 38 52 61 52 98 92 52 53 100 26 72 83 39 44 68 92 45 4 21 20 88 13 100 17 74 49 50 16 73 52 92 45 86 31 69 32 18 58 53 71 36 56 26 88 76 62 62 82 99 46 65 27 40 54 42 8 67 73 80 37 76 23 49 
92 48 24 82 96 13 93 15 89 94 84 68 75 35 37 92 3 74 85 18 23 25 7 12 35 39 45 66 19 83 29 97 89 44 22 98 83 99 24 32 45 35 42 17 15 49 37 41 68 8 20 85 25 83 16 98 50 48 21 96 46 29 2 92 5 94 51 86 3 31 57 58 27 94 87 64 17 71 90 57 73 4 21 14 78 61 56 75 29 10 24 82 60 8 60 32 47 18 41 80 
26 84 43 25 92 12 55 40 30 99 8 31 47 58 66 58 33 11 3 44 87 46 85 52 99 30 17 99 67 16 62 78 71 41 46 9 20 93 89 38 64 2 34 76 52 80 15 10 74 95 47 16 49 78 96 94 14 76 76 87 15 20 27 21 77 6 74 3 41 84 90 1 4 33 96 48 2 80 93 42 70 20 89 8 91 59 15 79 52 59 2 41 41 44 56 3 36 92 60 6 
60 22 4 23 34 44 95 12 90 52 69 57 79 100 34 74 48 14 77 20 11 75 87 18 11 79 43 55 35 2 64 11 95 42 46 99 75 40 46 12 80 60 72 66 3 54 5 54 50 99 14 73 65 31 38 29 33 18 9 14 77 81 27 80 12 60 36 54 83 89 47 31 38 37 36 60 34 75 54 64 71 14 23 82 27 50 44 71 47 61 57 67 73 6 31 89 60 83 81 26 
13 90 78 66 73 67 26 48 69 50 68 48 86 71 15 93 83 43 84 59 61 54 97 12 56 24 58 23 7 26 14 24 66 43 22 87 75 74 71 49 86 93 91 41 62 61 32 3 89 44 41 95 34 23 81 83 79 25 64 71 60 84 84 93 25 35 48 86 61 77 96 53 22 73 81 19 46 25 77 20 44 5 24 21 90 10 74 40 28 47 94 81 2 5 84 62 72 3 11 15 
7 80 69 68 28 53 61 55 57 50 46 83 100 17 35 64 79 97 94 73 48 91 44 78 26 34 44 61 75 46 40 79 77 90 45 42 46 80 81 6 43 62 66 42 95 3 94 20 44 63 41 24 34 98 92 22 72 13 38 85 20 78 32 26 100 11 15 72 99 47 5 3 73 31 8 11 53 33 57 98 80 52 9 19 94 66 42 76 58 44 63 35 89 70 100 75 5 53 55 72 
1 10 78 34 56 60 26 75 53 48 82 34 61 24 47 91 36 58 16 36 38 42 98 63 58 88 5 8 55 83 26 91 20 25 69 65 20 39 76 58 74 51 52 41 13 65 45 71 73 77 18 31 68 75 38 4 75 47 82 88 83 9 61 68 75 72 61 68 7 79 86 54 74 20 94 11 32 52 42 48 50 25 72 58 55 69 66 26 16 61 71 84 100 39 70 45 23 29 52 83 
34 51 24 12 40 98 59 98 42 22 70 57 81 48 64 44 67 81 16 42 47 11 23 73 29 95 97 52 50 70 66 13 13 38 4 11 4 80 61 73 60 40 54 32 52 67 2 31 36 49 23 6 45 48 44 17 79 64 97 28 61 34 57 3 72 28 92 56 76 61 65 99 8 14 70 99 17 88 90 74 38 94 42 76 55 69 97 94 53 13 13 23 83 98 60 82 2 49 7 74 
5 1 87 67 64 1 12 11 92 39 74 79 68 70 59 48 6 50 72 66 70 43 43 14 16 30 18 32 15 92 17 45 41 13 79 44 86 72 32 75 59 45 69 20 34 33 11 57 70 14 94 90 42 43 1 11 24 92 45 52 4 93 36 78 18 81 85 76 90 47 1 16 83 19 68 48 34 24 26 69 97 38 24 90 65 16 54 20 29 67 70 31 45 64 90 90 61 27 11 56 
36 88 7 65 79 67 30 97 59 32 56 48 26 32 68 78 8 68 40 13 68 75 68 86 37 24 69 66 80 15 64 69 43 54 47 100 21 90 71 81 74 7 57 42 26 68 95 61 74 54 26 84 86 50 28 54 68 7 21 46 38 12 48 54 52 34 60 33 69 28 64 11 37 19 93 99 66 17 48 52 3 9 70 83 80 10 73 1 36 85 86 15 3 55 48 5 31 50 67 21 
1 44 82 44 77 6 83 45 57 25 44 5 76 49 67 87 58 99 60 58 94 69 91 73 18 35 6 37 39 18 22 73 88 98 58 72 5 11 11 61 62 46 41 34 15 85 89 47 57 97 32 43 25 23 63 67 21 2 75 26 75 28 35 27 86 35 6 97 75 19 13 35 76 26 27 53 19 87 18 85 68 36 60 61 79 26 34 84 45 94 89 58 23 47 21 47 4 78 7 96 
81 30 3 33 14 58 66 15 94 75 19 44 20 99 52 5 13 20 29 58 53 18 75 42 19 28 94 60 54 55 18 28 24 75 51 49 70 7 54 17 92 93 9 2 34 88 28 63 97 39 51 7 100 89 23 88 78 20 22 38 73 84 11 12 45 26 78 67 23 55 64 18 57 78 24 89 21 44 82 23 37 3 33 80 58 37 55 79 40 70 58 71 59 69 44 31 62 83 68 21 
66 17 88 90 23 97 30 32 38 18 37 48 6 34 25 13 69 26 46 66 18 90 7 36 36 61 2 53 96 41 81 66 21 36 47 37 27 54 91 44 37 68 38 15 12 60 8 89 66 67 59 1 97 61 40 42 64 47 96 88 40 38 14 18 9 91 84 81 76 76 71 6 31 66 87 4 41 7 52 17 64 67 91 15 95 20 100 5 33 60 36 75 67 8 95 75 66 60 34 24 
57 73 35 92 1 60 88 52 96 98 17 67 32 53 71 79 26 8 58 33 34 59 24 4 18 93 97 2 66 78 48 34 7 35 2 42 85 91 29 66 93 58 85 1 57 29 89 73 1 71 27 46 34 23 94 88 48 72 98 89 77 34 71 68 17 61 50 7 65 77 67 83 86 15 54 1 31 50 33 10 42 70 57 63 70 76 58 47 32 78 
100 76 59 98 40 18 41 45 15 84 64 58 36 40 16 80 10 50 16 55 84 74 62 13 84 13 12 77 81 45 26 21 7 89 35 34 50 84 85 93 39 80 46 32 28 50 20 14 33 46 71 55 21 89 47 73 34 35 99 96 78 60 14 19 6 35 51 77 56 52 44 86 43 36 8 77 14 21 96 47 18 22 42 40 46 15 3 74 56 59 
71 85 49 77 45 99 68 92 2 93 42 88 21 80 96 89 90 36 99 37 20 8 22 82 3 68 46 68 23 68 81 31 64 54 92 31 82 80 10 84 6 55 38 9 62 21 20 16 42 31 46 30 89 26 45 35 28 37 17 58 62 85 63 78 50 23 99 35 7 99 41 32 55 36 38 23 31 71 42 87 43 46 64 47 19 58 74 37 9 1 
57 11 71 23 74 87 84 98 17 55 89 35 97 98 75 68 51 20 56 25 87 40 6 73 40 74 51 66 5 77 8 34 42 100 12 89 62 55 89 5 78 66 3 32 75 77 31 15 19 15 13 99 34 37 17 49 26 96 39 4 44 13 33 50 83 34 77 83 48 71 65 48 65 36 74 70 83 54 1 17 31 46 20 78 95 34 24 66 70 92 
65 21 100 47 60 42 78 14 44 99 36 6 2 62 73 64 56 27 94 57 46 33 35 54 99 28 31 39 60 89 19 17 81 32 16 11 85 78 41 36 94 29 86 47 33 31 77 7 47 31 75 32 2 47 22 43 34 54 100 72 13 89 8 54 35 29 54 82 1 81 30 100 37 31 18 69 11 91 65 60 98 64 71 6 85 97 3 3 84 2 
51 55 21 76 82 5 52 95 75 91 56 27 90 43 10 95 20 34 82 94 66 95 59 37 72 69 88 46 58 34 17 9 44 14 35 91 58 51 93 67 60 32 91 50 79 68 63 25 12 77 19 15 30 2 82 61 2 86 49 12 15 21 88 16 44 71 8 65 39 59 4 27 33 30 62 2 28 60 57 77 99 66 51 25 27 62 67 55 47 59 
56 28 22 47 42 48 80 88 53 73 90 38 19 52 60 38 94 5 10 88 66 17 10 57 62 12 12 5 45 74 98 83 53 43 100 100 67 92 83 52 16 13 61 75 15 75 46 38 88 97 36 6 94 9 76 69 37 16 75 52 57 71 72 2 34 56 26 9 23 11 16 95 67 1 1 100 92 84 7 22 17 6 15 31 16 42 60 31 14 69 
66 28 82 61 50 21 18 66 4 24 28 17 100 18 6 50 14 88 54 22 88 21 2 20 10 67 6 59 54 44 74 25 89 66 95 24 21 82 59 42 35 17 32 6 29 4 30 92 100 69 14 20 27 93 8 74 6 31 8 9 3 32 84 23 18 58 91 41 13 52 20 36 43 55 1 46 39 39 77 1 26 80 57 89 92 25 68 93 30 19 
1 97 16 14 29 74 94 89 96 14 83 15 99 53 18 62 41 62 42 83 65 66 1 50 72 40 19 3 61 95 41 88 1 18 87 48 95 15 92 65 24 76 62 90 63 31 82 18 22 56 10 50 19 2 87 87 57 40 26 48 68 76 88 25 33 82 5 9 33 99 10 99 35 49 12 88 56 58 62 46 43 85 51 29 28 51 27 62 4 96 
96 14 80 38 61 84 29 53 85 100 63 75 56 78 3 76 42 57 91 31 27 70 39 24 38 60 3 53 18 39 13 48 42 91 85 39 27 81 78 76 83 42 52 36 51 71 98 89 39 70 20 74 63 25 90 20 57 61 45 29 55 28 65 75 59 11 16 83 9 43 28 15 41 84 67 73 64 25 28 16 63 23 10 75 4 26 48 35 79 21 
72 22 13 58 39 51 2 16 50 25 75 99 37 1 1 26 59 92 94 86 85 100 87 74 4 13 93 99 99 51 34 49 91 43 10 16 48 94 59 27 61 61 13 7 46 29 68 34 31 43 42 73 23 68 100 68 23 9 98 71 62 86 71 5 1 55 83 50 69 70 84 20 23 64 66 97 52 10 57 71 75 34 37 38 89 65 78 19 42 49 
83 62 76 71 21 64 38 78 27 38 38 12 22 82 62 27 47 68 88 32 29 10 20 19 65 65 61 34 84 82 35 99 92 45 12 24 90 88 83 35 30 71 42 86 99 26 8 2 90 58 64 23 54 14 33 67 19 90 80 80 52 82 87 75 83 88 24 97 60 18 24 20 45 34 19 51 8 68 55 1 26 84 76 12 5 36 52 97 58 20 
28 59 11 59 34 9 96 78 50 28 47 24 10 50 53 41 89 8 72 44 44 25 40 37 52 89 33 96 10 12 79 66 85 71 44 81 39 72 62 19 69 5 43 26 48 38 49 97 20 90 48 76 40 99 47 78 56 60 18 97 69 73 22 36 38 67 93 64 51 99 67 4 44 90 75 56 48 13 64 11 4 49 81 82 51 96 100 46 31 58 
85 42 60 96 59 97 71 52 77 65 74 67 60 32 81 96 88 36 63 14 56 15 89 95 65 1 100 12 69 14 93 47 62 97 27 65 69 34 85 11 40 7 16 68 89 28 7 30 94 14 60 95 61 8 56 62 19 12 68 56 49 95 90 15 1 85 73 37 72 18 32 87 96 78 99 29 71 47 88 22 97 35 27 64 19 19 39 27 24 32 
95 11 66 91 55 44 58 37 35 7 49 33 76 60 28 20 70 97 54 82 31 14 27 87 66 3 1 8 22 61 20 6 52 25 42 6 62 9 69 60 66 45 94 88 54 21 47 66 24 36 16 98 24 8 30 70 44 49 78 84 90 67 67 83 33 89 2 16 15 65 44 90 1 66 46 43 37 52 40 64 55 99 23 60 13 46 31 33 73 59 
40 58 79 87 17 51 18 60 77 90 4 66 63 32 10 39 78 42 52 31 38 6 59 70 97 83 92 34 44 54 62 71 12 48 14 91 61 17 56 46 95 17 82 26 95 10 3 45 88 5 38 19 70 39 24 78 56 27 27 96 70 86 74 47 38 7 86 82 79 26 3 35 53 50 86 62 96 39 45 99 35 8 27 26 2 1 56 48 23 18 
92 3 48 89 89 23 19 41 3 72 85 2 39 30 41 11 5 89 8 96 29 10 99 39 73 65 56 75 84 18 11 47 23 81 26 8 18 77 94 25 30 43 74 43 43 22 12 25 42 62 31 79 46 15 84 1 67 71 64 49 65 30 78 19 54 99 49 30 15 47 52 65 80 51 61 28 70 91 42 40 28 27 95 12 66 93 71 6 44 100 
19 59 11 88 61 54 97 61 100 65 8 10 61 41 3 27 25 69 59 62 27 21 26 4 55 7 39 59 37 84 87 40 19 37 60 63 82 87 16 94 72 10 56 70 17 99 88 77 33 92 68 47 100 84 22 67 90 93 88 88 9 78 98 90 8 2 53 70 99 23 60 27 50 67 23 16 45 66 87 24 19 78 60 77 11 84 78 73 23 61 
26 33 59 14 18 12 33 8 68 54 98 34 33 43 74 53 65 40 51 2 35 39 94 91 67 97 42 42 51 38 31 39 12 83 26 76 85 2 6 90 63 61 10 27 4 25 52 77 53 76 82 92 52 38 97 80 10 8 38 65 56 84 95 45 79 43 55 19 72 5 71 50 59 94 89 91 25 1 83 7 15 90 21 42 77 19 37 44 59 90 
74 74 3 36 83 56 84 55 43 21 82 31 73 42 12 76 30 93 47 62 51 14 59 84 22 59 63 30 10 29 26 47 89 54 89 4 59 37 24 39 100 34 67 28 1 17 78 12 9 90 93 10 56 31 12 44 93 35 56 12 98 57 79 86 84 32 12 38 99 31 15 44 59 57 51 20 24 40 58 25 40 79 95 60 49 31 32 98 22 65 
21 39 19 56 55 30 88 17 48 28 71 4 5 44 94 85 15 40 70 4 3 24 8 59 100 94 22 29 98 97 82 10 18 4 75 39 11 100 53 59 12 72 51 19 24 68 73 9 35 95 59 48 10 22 31 91 9 100 81 18 50 20 37 40 59 76 99 6 20 58 17 60 44 17 29 98 66 34 34 48 10 30 92 99 87 68 62 73 54 77 
1 64 2 20 53 82 2 39 67 93 39 57 26 15 31 77 29 37 79 69 47 54 21 32 18 32 22 79 55 58 90 51 70 22 74 19 82 53 77 60 26 70 2 22 70 74 15 93 96 57 62 61 93 13 72 50 52 68 73 76 4 15 47 38 12 94 34 85 26 74 45 86 84 31 39 86 32 56 6 92 66 75 21 31 6 29 67 14 79 98 
52 68 13 71 51 16 56 12 11 48 21 80 83 35 28 1 37 23 88 98 48 32 61 77 9 74 83 24 28 99 42 11 39 65 9 61 29 15 12 60 56 34 27 74 52 35 83 18 39 18 26 87 85 78 17 28 4 27 81 87 85 28 43 4 18 98 91 3 78 83 61 47 78 74 75 45 66 47 4 29 26 93 28 39 57 80 60 56 96 18 
72 41 24 54 44 30 42 29 83 53 15 71 7 69 92 97 27 94 59 36 15 82 34 35 74 42 32 83 98 33 12 64 62 72 89 52 57 56 36 20 79 27 85 78 80 3 83 98 12 7 59 19 71 39 92 85 36 13 37 12 66 65 26 22 86 84 37 15 65 23 86 2 24 84 59 62 64 89 95 38 91 48 19 48 34 23 19 22 32 20 
51 18 94 53 14 30 59 53 9 25 39 67 77 57 64 89 48 85 71 48 1 82 46 87 61 6 57 57 29 65 71 45 65 69 30 68 24 36 66 4 56 18 44 6 78 1 77 44 16 20 79 11 41 48 25 88 20 45 76 24 33 18 70 52 28 16 64 58 4 53 87 5 26 89 41 28 58 99 28 48 71 67 53 26 64 46 13 48 21 18 
29 36 97 56 97 33 10 64 33 2 18 52 91 7 26 16 19 64 94 3 58 25 72 24 77 94 91 95 12 32 54 74 17 10 91 97 68 78 62 36 54 59 74 14 92 27 60 10 44 81 15 81 84 70 54 68 92 74 52 70 59 34 26 52 74 65 20 7 50 33 91 27 66 60 71 86 61 57 82 89 1 88 98 32 89 71 80 48 41 39 
8 67 25 94 83 44 93 35 31 37 53 4 86 36 10 21 14 37 48 42 81 87 6 35 45 20 4 51 10 49 65 28 15 18 8 78 52 56 69 50 38 62 1 10 94 88 34 11 47 9 69 71 9 52 40 36 69 34 81 52 5 39 18 12 85 75 81 32 93 64 94 85 91 51 26 50 20 79 65 81 26 55 94 46 68 43 28 85 12 39 
8 22 72 85 97 12 84 33 31 66 67 56 75 2 2 9 53 23 89 36 92 82 61 54 90 93 86 73 47 99 98 23 32 17 67 28 22 59 45 5 94 27 23 44 18 48 63 25 50 35 28 71 93 3 44 87 64 9 46 25 26 29 71 17 28 85 47 24 32 97 7 48 98 41 66 88 61 44 22 63 98 58 54 32 32 75 28 45 47 14 
1 52 93 78 17 85 29 46 98 42 60 15 41 27 12 62 51 89 86 21 32 53 50 54 64 85 23 91 96 16 84 59 2 17 26 27 86 4 87 36 98 65 33 7 78 62 14 77 81 26 56 38 79 9 58 42 31 3 47 20 74 3 24 67 10 25 70 91 77 94 58 43 61 23 91 86 65 22 30 25 59 58 45 89 57 2 38 40 43 80 
53 97 54 83 77 22 20 82 37 1 59 65 3 15 8 12 76 78 58 24 53 37 91 17 67 25 64 74 48 2 89 80 98 21 32 90 28 44 64 76 21 47 97 77 54 21 82 100 40 48 86 57 37 87 77 56 40 16 7 50 73 97 86 41 59 50 67 71 10 60 24 81 81 15 20 56 23 11 60 80 89 69 5 8 69 63 70 68 55 2 
76 57 40 53 87 9 87 36 38 44 87 7 11 7 6 30 16 75 71 80 73 24 88 31 1 59 9 9 1 6 54 75 4 84 55 90 85 61 7 56 60 6 2 43 15 20 45 36 32 43 72 17 98 73 50 64 16 42 100 64 80 44 59 83 58 82 97 23 99 37 54 57 61 47 73 78 28 10 55 79 52 12 62 15 47 50 8 32 36 81 
74 99 19 62 52 65 90 89 18 99 37 14 34 31 61 96 10 62 42 20 40 70 2 97 100 29 2 46 74 82 57 31 42 88 34 57 69 95 33 51 23 40 73 36 48 65 79 53 80 59 76 12 38 57 51 64 74 68 23 55 47 59 50 96 30 30 16 13 16 16 6 10 81 33 29 83 51 10 1 36 20 48 73 80 14 61 3 8 65 95 
59 49 5 33 51 48 34 86 1 92 53 83 62 86 8 62 61 99 25 90 11 15 10 93 39 16 2 40 50 26 10 83 40 2 40 67 45 97 63 89 85 7 89 59 88 77 60 31 56 57 15 83 63 2 19 13 31 26 83 93 61 17 99 98 85 40 40 51 45 33 85 6 2 89 53 13 1 45 77 95 62 77 7 18 39 34 36 17 20 33 
74 67 73 30 27 54 78 81 96 62 33 77 65 55 9 37 3 85 60 38 8 55 49 42 73 77 74 48 47 10 84 5 62 56 42 71 50 17 49 6 37 80 39 45 76 62 71 83 66 36 30 24 61 39 33 76 100 8 3 6 75 73 66 3 72 33 64 35 84 92 53 97 39 24 64 49 8 96 10 27 93 20 23 10 10 4 51 47 64 98 
77 88 64 23 35 82 3 25 43 1 27 68 8 39 4 33 48 72 71 3 26 20 54 12 23 15 21 7 17 12 20 39 71 64 48 66 46 96 92 42 40 28 14 54 47 96 70 89 51 34 56 78 85 80 64 50 32 9 21 90 63 49 13 35 38 41 26 49 66 28 19 73 96 95 72 56 15 40 33 37 22 47 34 66 26 95 78 79 86 94 
46 44 70 78 22 69 3 49 19 17 3 3 87 14 49 48 44 21 48 29 90 72 98 95 94 15 63 89 27 36 12 45 63 34 29 64 32 91 3 89 73 80 3 93 41 33 91 86 99 90 18 44 32 15 39 58 44 4 91 9 16 17 8 97 67 91 84 53 68 36 33 59 33 80 43 83 77 95 83 37 99 77 38 28 23 93 46 51 82 38 
77 42 44 52 17 63 100 59 92 8 35 15 18 95 43 4 70 35 90 64 4 27 6 75 95 92 89 99 72 19 18 33 76 56 9 86 92 2 38 2 58 94 16 66 98 62 55 67 97 60 18 84 100 98 71 13 95 86 28 57 45 74 97 37 26 16 43 96 7 8 100 40 48 52 54 78 31 77 67 95 68 80 77 32 82 56 71 83 28 82 
57 9 88 53 8 86 27 48 6 10 58 8 66 3 23 37 35 34 83 5 60 15 26 63 19 42 81 19 51 81 70 94 63 76 67 65 22 42 81 4 90 84 38 16 69 76 70 44 10 37 85 49 16 68 93 45 38 16 65 26 3 1 47 47 90 57 26 23 15 63 30 10 3 76 16 88 83 100 50 85 60 30 77 29 76 19 44 41 33 6 
6 22 11 25 36 41 99 88 14 37 92 6 80 6 4 42 20 58 58 28 58 33 61 21 21 95 18 49 80 25 16 11 65 83 66 58 76 19 9 48 76 21 10 25 71 36 65 3 88 24 78 36 13 97 86 22 59 54 96 67 36 88 82 94 29 82 70 91 52 75 7 97 54 15 32 5 40 89 57 96 99 20 24 8 64 77 52 64 84 95 
82 23 41 54 62 36 42 29 98 50 2 89 15 61 44 69 45 44 14 12 69 12 93 53 84 25 36 99 84 31 44 84 65 80 87 29 43 16 94 54 70 32 27 94 4 10 74 67 88 90 12 42 81 82 21 41 52 8 10 64 45 48 61 8 7 41 50 54 36 37 35 2 47 38 96 78 96 78 66 60 46 8 78 88 83 59 89 16 68 98 
42 90 98 85 69 19 48 100 32 75 48 54 18 2 82 22 79 60 42 9 62 3 75 31 61 71 51 37 83 86 60 75 52 86 69 5 71 11 92 85 10 29 67 80 76 16 49 48 61 51 69 79 18 93 94 44 75 84 33 73 68 100 40 19 86 61 28 86 68 81 46 77 71 41 81 57 52 4 89 4 27 10 30 70 52 86 50 61 28 90 
41 79 21 85 69 8 42 44 91 95 95 96 85 75 63 100 90 56 100 100 72 64 34 2 52 94 91 5 30 15 2 7 24 23 18 74 26 28 24 24 3 25 27 93 35 8 65 39 61 25 18 81 1 88 93 88 32 23 49 91 91 75 60 26 81 17 89 95 99 97 55 43 53 17 20 94 72 64 13 81 61 48 83 43 23 29 12 73 69 20 
51 5 97 78 45 93 77 41 56 80 71 81 61 20 47 22 23 68 11 54 11 63 32 8 16 36 46 48 28 59 33 93 68 68 30 9 10 98 9 52 50 74 54 59 96 76 42 71 27 22 69 40 32 51 74 87 61 23 71 84 87 13 95 23 1 5 65 53 48 6 16 30 22 42 20 45 59 76 81 72 51 76 10 1 26 41 13 24 96 71 
30 85 27 50 65 64 58 1 35 40 1 71 28 89 69 37 97 50 55 59 65 55 71 51 93 85 27 93 24 51 7 72 40 87 23 85 98 67 17 67 26 91 36 94 63 63 87 70 8 1 34 45 22 25 20 36 71 87 11 58 59 91 53 11 19 61 91 43 97 24 98 57 29 99 22 1 82 93 40 10 39 23 91 16 21 27 70 41 76 4 
50 27 58 83 57 26 20 87 62 61 17 16 7 22 72 92 72 78 36 40 52 15 39 60 97 21 52 52 68 16 24 95 45 56 23 94 10 37 37 57 72 5 53 64 71 16 29 53 11 72 71 13 51 25 60 64 70 2 20 16 83 32 85 67 52 87 33 26 100 35 83 84 48 18 65 72 81 34 96 57 1 1 12 32 89 87 32 79 40 53 
60 55 45 30 20 75 22 49 16 29 46 84 88 90 59 15 68 72 8 44 9 2 99 74 94 46 55 1 100 57 61 64 51 28 58 60 40 93 31 40 1 52 36 16 52 1 59 64 3 74 18 31 55 24 32 94 76 53 33 94 28 32 51 91 79 68 82 25 88 88 6 55 89 42 92 84 81 34 41 97 54 61 73 31 31 5 78 48 14 73 
2 30 14 86 54 86 20 72 37 74 30 42 6 89 79 43 3 49 75 20 75 26 25 80 3 78 91 8 32 3 13 35 79 11 54 42 46 41 100 35 8 2 33 34 42 88 71 38 27 88 35 42 86 33 94 44 13 12 41 73 18 79 67 39 23 73 10 11 65 33 26 17 7 77 43 95 47 98 83 38 48 69 44 56 2 25 81 16 96 51 
32 97 94 91 66 56 22 6 57 27 32 91 71 85 39 60 24 71 56 69 30 49 64 78 10 60 4 40 50 11 65 43 15 41 23 69 96 88 49 28 68 85 18 40 24 56 30 3 37 50 17 100 45 93 74 80 1 62 50 46 10 82 39 7 89 67 13 55 82 41 6 77 69 75 83 34 79 40 64 100 43 63 78 74 74 98 59 30 37 96 
33 76 70 74 11 31 11 13 41 26 71 23 88 42 21 19 8 76 57 57 87 17 56 65 97 36 70 54 42 33 31 47 6 61 26 61 5 10 2 32 30 21 74 64 56 99 98 72 65 1 98 54 83 25 76 36 31 68 77 37 22 8 22 32 45 73 46 38 38 4 80 97 41 69 59 81 88 9 15 56 78 12 76 60 23 8 77 5 97 64 
7 19 22 87 6 99 58 90 60 71 36 38 100 20 41 64 30 23 20 59 55 92 17 66 27 19 58 3 100 62 54 8 66 56 10 77 83 7 56 93 5 10 52 93 76 96 74 69 84 72 12 89 55 37 49 29 50 76 8 94 94 56 55 58 86 78 19 20 9 94 46 66 6 74 81 59 32 50 63 60 85 51 89 51 89 36 97 72 91 100 
86 32 51 56 62 1 89 83 75 34 90 19 73 89 26 53 40 16 68 64 62 95 71 51 9 6 91 73 53 97 46 97 36 27 51 11 36 27 35 10 84 45 27 55 57 55 75 14 5 97 55 34 97 39 10 45 52 52 56 29 20 70 88 28 9 16 40 79 70 99 76 89 58 46 95 19 47 71 65 87 80 96 45 10 18 95 31 49 90 32 
65 54 94 88 33 81 66 88 96 89 71 24 83 2 79 52 50 89 46 44 69 81 23 20 45 55 13 63 15 87 13 15 67 43 18 2 3 3 42 46 90 21 83 45 23 59 1 26 13 7 96 53 67 80 68 17 85 98 68 52 35 80 67 18 63 14 13 90 78 25 45 69 4 82 20 93 9 37 55 28 28 81 21 44 70 31 74 40 25 14 
6 38 66 85 95 49 21 92 20 36 85 58 90 89 70 64 84 46 20 88 39 16 20 71 98 80 22 58 51 99 87 57 67 1 5 8 45 88 24 95 15 90 57 71 54 9 98 95 42 31 16 2 91 67 20 17 31 4 41 58 8 92 44 14 47 98 89 47 37 35 35 79 42 100 43 80 87 3 36 19 60 5 89 68 20 55 55 47 15 16 
89 89 30 86 79 48 92 17 84 35 76 46 54 87 20 3 74 8 35 27 65 74 83 55 16 6 61 64 87 4 18 98 34 77 20 92 87 2 75 69 4 16 14 29 85 90 14 47 50 11 1 23 42 66 41 25 44 81 45 74 58 60 92 6 8 91 80 12 75 61 9 20 84 37 67 55 61 7 28 90 7 9 48 37 59 60 88 78 51 26 
21 20 21 92 36 8 66 25 17 94 33 63 89 51 38 64 33 39 49 69 6 44 75 69 5 9 49 70 49 43 99 48 87 71 4 95 27 76 63 72 87 91 21 47 58 23 75 90 87 71 36 59 49 58 24 3 75 33 79 41 6 20 8 87 10 72 29 41 27 83 44 89 82 20 100 90 71 70 72 42 70 92 2 4 80 62 43 74 26 36 
41 100 88 79 38 95 63 58 32 16 46 57 39 17 85 63 44 97 33 23 20 6 58 88 1 60 4 15 3 63 58 76 85 9 76 53 13 97 10 90 17 12 35 38 73 48 10 95 26 61 79 38 36 86 100 45 58 45 95 90 21 81 82 91 92 73 78 40 7 22 84 63 16 89 28 13 78 93 25 36 87 20 25 100 66 50 96 30 78 91 
88 15 54 91 1 10 61 52 30 51 56 67 50 91 9 80 8 82 51 91 20 82 42 58 16 58 24 54 37 2 6 90 17 99 94 22 35 98 94 62 6 33 63 85 83 24 95 94 24 69 58 88 74 17 53 52 26 100 28 82 18 25 3 79 86 78 50 31 57 37 56 39 11 97 31 87 24 30 9 6 6 5 53 24 21 80 82 51 29 64 
70 54 58 77 76 50 28 100 29 15 77 95 44 31 67 83 17 14 27 40 63 8 87 3 80 55 39 76 13 25 62 11 3 80 43 65 54 82 79 100 58 79 73 37 60 54 54 9 92 38 11 95 55 49 43 75 14 31 91 98 20 71 17 8 33 78 31 50 76 6 25 53 19 55 95 43 29 49 35 36 49 44 53 98 50 42 80 48 37 32 
16 59 43 12 25 78 37 95 26 39 21 55 96 16 35 40 40 88 55 78 42 2 46 80 42 3 94 47 58 39 53 13 79 59 4 58 85 70 79 70 54 50 51 79 20 77 94 96 33 12 66 42 100 72 46 9 91 72 75 76 36 54 10 26 89 51 62 69 13 54 74 9 52 88 9 86 90 19 54 98 22 53 82 30 29 36 68 17 52 61 
5 82 16 48 50 23 16 100 58 24 82 18 81 95 62 99 22 92 58 71 74 94 30 20 80 8 10 62 82 48 99 57 75 5 98 97 18 4 26 89 67 14 16 75 24 84 62 50 55 100 86 83 6 81 21 19 12 73 98 56 23 1 46 75 80 40 1 63 31 41 1 62 25 49 44 65 24 77 96 25 97 77 56 6 80 7 74 14 6 56 
65 22 9 34 72 41 86 66 42 44 39 3 96 97 66 20 62 47 97 28 23 89 19 85 61 46 10 85 75 67 48 64 17 39 49 34 74 91 97 36 16 28 76 86 96 34 80 3 41 68 70 98 56 4 18 95 48 70 8 68 40 20 69 6 40 90 49 92 31 40 18 22 67 60 6 75 46 66 2 40 19 68 19 67 19 56 54 65 67 68 
38 75 33 31 30 86 71 55 17 85 71 58 97 8 39 3 55 94 21 26 64 7 14 44 94 67 77 48 85 2 50 48 20 5 75 86 64 87 36 90 4 91 4 11 48 64 95 24 45 22 12 60 62 4 75 30 10 48 3 9 47 96 14 48 65 57 81 33 47 68 31 83 41 9 97 96 44 25 41 49 22 44 53 72 52 71 11 62 10 80 
30 26 30 95 92 10 17 83 74 73 42 3 89 19 10 46 87 98 44 55 68 75 3 56 26 58 100 88 70 65 93 38 97 71 94 98 76 92 10 62 10 54 96 29 90 44 50 97 67 75 79 3 14 2 82 16 61 78 5 52 99 99 84 91 74 27 26 32 12 63 15 1 26 58 35 55 20 74 20 9 39 1 65 2 62 66 61 49 63 86 
94 68 98 85 46 47 3 78 75 9 33 92 61 45 41 14 86 83 66 37 17 23 100 46 30 30 4 77 65 39 97 11 67 63 14 55 90 33 57 42 41 33 31 63 30 49 52 19 37 70 75 66 81 98 7 76 93 40 55 52 33 7 98 4 54 66 9 97 79 65 22 55 65 27 96 21 73 15 59 10 6 8 46 84 47 87 44 10 45 93 
39 84 81 35 18 73 26 47 77 39 93 57 97 23 5 88 76 64 33 99 84 80 88 99 88 44 48 73 40 17 98 58 66 4 89 1 54 48 96 81 50 88 78 33 47 67 57 53 70 7 47 6 18 22 46 54 21 76 29 46 91 2 9 11 15 69 34 36 23 69 43 68 54 99 41 67 22 26 26 30 37 79 12 21 31 7 19 17 99 94 
75 83 42 71 51 60 10 5 52 89 1 35 30 58 49 24 21 70 66 71 96 89 78 4 26 42 84 6 32 90 27 91 67 73 83 18 68 9 41 84 58 79 50 90 68 51 15 7 19 57 42 23 59 16 87 73 76 34 64 88 45 4 55 29 88 87 57 44 98 63 95 1 25 10 54 41 23 5 63 12 89 14 62 58 76 90 51 80 33 78 
26 66 1 40 49 89 20 48 94 8 6 18 73 6 100 7 84 24 97 95 25 23 35 43 37 24 31 23 9 15 25 87 29 56 32 2 36 72 56 30 80 62 97 78 65 41 12 41 25 83 41 91 90 26 27 61 53 41 79 77 92 26 2 11 67 27 24 2 33 40 70 4 74 89 83 85 15 9 26 25 41 30 56 63 97 3 50 37 51 79 
67 82 41 57 6 26 85 46 27 12 96 96 54 87 92 74 4 68 44 96 49 27 3 90 3 74 99 91 99 91 17 65 19 85 17 16 92 63 19 26 2 70 96 17 44 60 62 22 12 34 76 92 98 62 38 1 29 87 56 52 37 75 99 3 7 67 33 12 77 63 44 23 79 26 56 49 94 3 16 72 75 44 69 85 81 92 43 80 49 27 
21 26 55 5 84 55 55 39 77 59 55 48 58 7 5 53 100 54 91 13 11 95 80 42 89 74 81 64 11 24 28 38 28 40 94 85 8 11 39 46 7 58 23 89 33 27 86 91 52 9 60 79 46 85 96 58 23 34 17 72 41 53 17 95 24 8 6 49 75 49 23 24 58 42 86 22 73 58 82 90 8 64 83 29 96 78 38 96 76 6 
60 92 20 31 16 1 72 87 66 59 41 7 97 59 63 18 58 16 37 56 94 34 93 7 99 31 64 51 31 88 6 93 16 100 100 77 64 51 80 81 88 12 45 99 83 12 9 34 95 31 84 40 62 30 93 78 10 24 20 8 15 16 88 28 23 33 14 77 25 97 95 29 51 92 46 71 85 28 6 5 75 62 43 82 27 88 37 99 10 39 
39 6 41 68 63 5 48 64 56 12 49 91 5 32 35 95 60 8 82 60 8 59 99 80 53 13 2 26 15 22 26 75 25 35 44 66 32 54 88 48 62 35 69 13 15 98 98 16 5 7 25 63 9 60 22 55 25 41 86 21 32 54 31 52 69 81 53 31 18 56 60 27 92 94 16 92 44 63 60 23 46 77 60 76 91 54 52 87 5 39 
82 22 43 44 54 3 70 43 23 20 9 10 24 57 36 39 48 23 75 31 26 20 81 65 66 10 70 11 83 60 74 11 30 56 1 65 93 46 99 67 30 93 1 63 40 75 37 100 64 76 12 1 97 65 13 53 86 44 52 62 84 76 16 92 92 43 51 82 23 81 59 34 85 62 12 4 63 93 86 51 19 22 53 81 2 18 94 58 82 73 
100 31 37 70 69 64 3 25 24 65 44 32 82 76 12 80 45 27 65 97 23 45 69 78 11 2 4 22 61 39 99 9 74 70 92 90 86 58 96 38 13 20 65 76 14 47 30 6 89 57 30 29 66 55 70 62 90 18 86 36 33 41 5 87 72 51 29 88 99 38 88 9 8 88 91 56 96 50 59 70 52 16 34 43 6 43 58 57 70 81 
68 94 42 48 53 67 55 47 95 73 65 19 27 53 69 82 89 12 14 83 56 21 90 30 23 74 59 52 6 5 36 91 19 57 89 12 82 26 97 96 76 95 4 79 82 89 53 71 75 52 100 39 42 79 35 24 49 19 32 20 49 83 81 51 62 17 25 3 74 88 18 100 72 81 6 93 88 91 91 49 28 45 63 35 84 88 78 1 16 85 
36 44 8 42 68 59 20 76 39 40 45 50 61 98 10 94 77 15 73 88 69 82 36 93 97 66 71 88 15 37 60 55 22 65 6 99 64 4 25 19 43 75 69 22 86 83 63 87 73 57 18 68 98 43 30 26 93 87 71 86 50 88 71 79 74 23 19 82 78 2 40 88 82 21 100 30 31 13 33 3 21 6 76 30 32 77 15 73 66 100 
85 34 2 79 64 88 15 58 75 76 19 95 78 89 49 84 52 62 16 34 77 37 85 28 73 12 91 3 71 64 11 89 22 23 63 27 20 48 81 93 4 11 84 33 28 93 65 87 68 31 19 88 81 93 74 42 61 20 24 90 24 22 61 78 97 90 74 71 27 34 24 84 4 77 10 31 86 32 73 23 56 8 13 64 19 91 53 27 66 24 
30 83 80 42 58 23 65 94 94 25 43 54 71 34 36 89 83 57 43 81 71 23 60 14 76 13 36 29 53 51 40 63 62 76 70 40 37 81 20 21 41 53 76 81 63 10 49 12 34 51 85 64 1 56 84 28 87 34 14 99 55 92 32 3 38 66 84 67 8 60 36 12 93 77 36 15 16 22 72 61 18 99 12 7 96 72 61 80 71 32 
69 75 12 60 82 62 53 29 22 7 92 78 70 19 68 21 72 22 22 85 39 51 31 45 68 84 28 98 12 67 24 35 75 72 70 69 9 64 34 35 20 94 95 42 22 34 30 61 13 68 21 12 56 86 64 77 33 46 89 72 40 11 61 61 63 9 38 15 71 90 96 89 32 87 86 38 73 27 3 35 40 95 42 41 62 67 67 91 55 51 
45 86 56 5 85 72 100 75 38 68 23 21 98 47 74 20 19 90 33 21 62 42 79 61 1 1 67 2 2 88 87 98 20 4 86 91 99 89 24 82 81 42 75 22 20 18 28 34 46 8 53 88 76 85 22 45 8 50 61 37 67 11 86 81 75 37 46 30 45 45 70 84 91 70 72 2 17 39 14 84 63 31 78 31 42 72 18 96 60 52 
10 98 94 56 1 34 6 89 75 55 16 72 26 96 6 58 72 53 46 61 42 23 85 80 32 30 74 76 49 42 28 92 63 58 41 14 85 71 56 34 74 76 75 33 36 67 49 19 8 51 18 77 32 60 60 96 52 49 48 59 29 96 82 9 60 38 1 20 82 83 38 2 87 72 57 16 50 92 52 15 7 72 91 14 44 7 19 47 41 34 
37 45 63 9 23 4 2 25 83 58 15 57 73 84 25 48 63 45 94 30 49 49 72 84 2 95 91 32 48 74 4 46 22 68 4 13 57 83 63 29 37 81 43 92 80 15 54 24 91 2 19 91 94 55 86 83 7 57 76 5 45 2 53 9 19 11 81 17 99 31 15 89 79 25 24 95 33 8 24 24 50 18 51 34 5 63 60 18 50 51 
89 89 29 64 68 33 10 51 85 88 76 49 97 70 93 84 52 85 29 95 64 27 61 9 91 81 85 30 89 94 48 69 33 25 93 46 49 10 37 99 72 63 97 86 35 6 15 96 23 6 29 13 60 38 2 92 68 99 51 91 94 43 97 33 26 71 72 8 26 91 45 5 34 77 40 54 19 93 49 38 34 41 15 76 89 8 56 38 16 48 
61 72 82 46 95 66 64 33 3 75 63 3 21 19 34 74 87 63 96 92 72 97 64 17 3 81 97 11 70 63 8 66 64 19 43 79 69 69 66 6 10 76 91 64 58 43 61 51 40 99 87 12 22 62 35 22 6 68 90 70 10 87 1 23 75 2 51 86 91 28 46 68 42 63 80 76 29 37 37 2 9 76 83 88 96 52 36 65 22 53 
1 19 92 100 80 4 46 68 50 58 42 46 29 50 63 10 80 32 50 75 27 21 12 77 82 11 73 70 78 45 49 22 95 10 24 23 57 72 18 70 78 72 48 5 71 19 75 93 31 67 6 50 71 56 46 8 21 12 60 11 96 13 82 32 82 83 39 32 51 95 79 14 56 73 51 99 100 21 62 82 46 88 38 9 25 85 24 86 54 23 
33 100 65 14 4 26 94 70 26 26 27 18 43 45 34 73 63 30 79 73 78 59 73 21 29 60 71 51 75 73 51 88 81 1 55 30 57 51 66 49 34 66 15 11 74 44 31 66 10 56 73 28 74 61 42 12 48 4 41 14 78 99 76 24 3 39 35 1 66 39 98 61 44 18 22 31 45 58 33 70 59 70 97 64 37 57 77 85 91 13 
79 14 5 3 12 34 87 100 41 39 76 42 58 95 31 68 53 33 43 33 45 48 97 38 66 77 23 15 95 62 77 31 18 56 3 5 34 29 40 66 79 72 14 27 89 73 19 77 91 30 60 3 33 37 76 32 73 94 94 93 6 37 53 41 90 16 56 74 84 9 91 36 6 90 54 19 10 83 81 55 41 87 22 87 85 40 47 72 99 40 
6 68 81 96 32 25 7 70 28 77 82 37 59 42 5 59 43 41 56 19 1 95 17 53 3 97 18 62 54 51 74 71 89 32 59 38 66 65 90 83 45 35 23 17 19 95 100 63 26 99 64 59 37 61 6 86 7 73 77 55 6 18 40 10 43 66 57 63 38 59 87 30 80 56 20 29 5 32 67 21 46 5 58 58 5 76 24 6 20 39 
36 7 14 91 39 42 36 2 34 47 4 30 38 73 92 46 58 24 19 29 35 46 11 96 8 48 95 46 52 32 31 72 45 45 25 50 66 32 10 55 85 41 100 99 57 45 3 42 60 46 76 57 48 42 32 11 6 88 88 53 72 17 87 59 7 79 29 56 42 23 87 44 98 77 92 10 6 76 22 43 35 53 89 53 26 93 23 21 40 64 
36 40 42 64 11 9 88 50 7 56 9 52 59 86 11 28 34 57 44 37 38 62 68 10 84 93 39 74 91 36 51 62 99 51 19 2 38 32 67 95 48 84 73 14 36 30 14 47 64 4 53 17 71 88 98 88 100 24 38 52 23 36 83 4 4 6 95 30 95 31 44 53 2 63 21 21 62 58 91 23 49 88 13 100 94 21 83 36 31 89 
55 53 30 88 94 10 29 82 75 42 1 75 79 76 31 76 49 72 4 98 29 15 63 41 42 94 28 62 97 98 83 5 44 23 47 89 83 78 81 98 35 15 39 93 19 31 57 83 86 39 86 4 4 50 59 77 51 14 25 1 2 34 52 76 46 11 55 30 54 22 81 41 46 78 76 53 10 4 100 7 51 49 73 67 72 12 61 31 80 22 
80 3 3 6 27 87 2 18 12 81 68 14 25 5 29 98 37 69 63 2 35 29 53 60 98 86 34 51 73 87 80 30 6 97 4 65 90 79 31 42 42 78 30 64 52 67 16 67 78 100 31 84 60 20 89 4 91 5 98 46 72 95 74 38 84 10 27 62 50 75 82 84 60 23 23 97 88 35 2 91 18 31 37 1 1 20 27 12 46 95 
60 79 45 72 74 17 18 3 24 78 87 26 1 63 64 5 42 81 8 39 99 9 21 100 27 92 57 31 37 92 96 79 20 93 31 50 37 100 59 55 52 4 30 15 95 26 91 37 82 2 43 61 48 6 20 87 85 25 53 74 80 16 87 60 7 14 20 57 84 63 54 42 79 66 7 62 66 34 63 8 5 29 34 7 2 27 55 59 23 76 
35 12 94 98 83 84 13 20 23 28 31 21 93 96 2 50 37 74 29 98 26 31 85 3 11 46 29 45 26 53 5 14 16 10 82 21 7 6 57 78 37 42 80 86 4 94 45 11 43 92 28 100 35 80 54 33 70 45 5 38 43 60 97 81 60 60 29 96 66 87 70 90 61 7 22 25 38 31 36 64 11 88 50 94 77 11 37 24 92 1 
92 14 37 56 82 68 19 54 94 55 12 58 80 28 59 26 56 3 52 37 6 48 19 48 1 16 39 2 61 41 2 40 47 95 20 60 33 51 12 98 100 83 24 57 92 54 12 89 27 51 46 99 39 60 66 12 56 39 3 26 5 64 29 11 48 25 67 53 42 8 69 68 16 51 21 12 94 73 73 18 16 34 72 61 61 2 99 100 92 10 
5 70 90 97 30 47 26 61 48 6 53 51 19 62 49 63 7 63 67 76 25 89 87 71 93 79 46 77 53 26 42 75 84 8 37 86 56 82 46 28 25 10 79 58 19 86 13 79 4 68 4 40 27 8 54 17 60 10 27 44 36 51 85 41 56 4 40 78 29 90 69 62 14 98 82 86 37 79 18 1 29 13 23 8 97 27 24 70 92 8 
74 48 3 60 32 31 13 4 70 92 90 37 9 72 66 86 6 15 21 15 30 34 95 40 99 6 70 13 66 54 26 30 4 100 8 20 58 72 18 11 80 16 7 76 13 90 44 12 4 57 41 88 21 94 58 38 75 39 86 29 27 64 80 80 73 72 88 62 84 39 45 87 66 100 37 69 100 9 58 24 80 39 40 35 37 21 76 84 3 42 
86 1 35 38 6 6 57 25 73 64 67 82 62 91 89 84 12 50 38 90 8 20 61 7 37 16 56 4 79 47 75 82 50 70 78 47 88 90 88 23 30 35 29 97 5 94 51 36 19 97 48 51 22 45 12 66 82 64 14 24 84 50 20 41 21 5 80 40 77 71 3 57 9 22 8 75 32 57 57 82 15 33 23 89 5 8 54 53 26 34 
58 63 22 9 52 37 16 71 65 76 62 22 94 77 67 8 83 6 4 40 34 33 55 19 6 5 14 90 68 55 52 58 74 2 95 47 79 25 30 12 75 30 37 51 59 4 47 62 85 66 99 34 82 58 81 69 14 56 78 68 9 87 36 14 39 74 24 95 73 17 43 97 93 99 85 69 69 95 37 61 64 54 60 27 85 18 46 22 17 20 
67 2 74 67 81 53 31 40 13 3 49 27 81 87 95 43 79 80 75 14 79 43 55 39 11 37 65 38 55 82 73 71 42 8 90 36 13 57 86 90 40 11 88 60 35 26 89 54 6 75 62 59 87 24 20 86 25 61 97 50 48 97 80 28 78 27 9 75 98 12 40 82 23 91 12 79 60 66 25 57 99 96 4 17 53 37 4 68 48 75 
99 81 17 48 67 1 92 28 34 9 75 7 69 70 13 15 53 24 36 65 69 65 22 61 64 98 74 4 97 67 25 54 13 53 77 35 67 8 29 63 85 29 92 75 55 8 78 34 35 68 66 24 89 9 97 14 57 42 7 66 59 70 14 95 26 85 76 62 94 83 2 27 76 34 2 55 21 19 91 43 24 98 92 79 24 47 74 87 10 7 
